340643
340428
340253
340080
339641
339497
339256
339104
338643
338457
338254
338026
337531
337328
337166
336978
336774
336435
336215
336031
335835
335614
335426
335146
334978
334779
334408
334170
333993
333536
333326
332843
332666
332481
332327
332045
331853
331660
331433
331207
331007
330777
330573
330362
330118
329918
329673
329470
329238
328905
328762
328393
328206
328027
327856
327630
327408
327149
326935
326730
326497
326264
325783
325556
325374
325145
324962
324729
324491
324131
323939
323742
323544
323363
323120
322886
322672
322453
322141
321608
321402
321172
321010
320795
320567
320262
320023
319767
319547
319258
318992
318802
318576
318304
318059
317860
317622
317409
317204
316978
316829
316491
316264
316029
315724
315489
315302
315101
314856
314644
314627
314455
314262
314109
313953
313896
313540
313337
313157
312929
312651
312435
312243
311978
311768
311657
311430
311247
311067
310850
310690
310319
310162
309960
309764
309541
309379
309219
308826
308603
308395
308111
307818
307585
307163
306973
306680
306460
306247
306014
305847
305586
305380
305161
304963
304692
304444
304231
304000
303754
303505
303292
302924
302544
302258
302033
301831
301559
301304
301098
300869
300656
300437
300218
300008
299956
299926
299191
297443
296646
293873
292877
292528
291530
290994
290920
289975
289634
289230
287832
287358
286209
285954
285870
285402
284659
284082
283834
